8.400000000000000000e+01 4.000000000000000000e+00
2.640000000000000000e+02 8.000000000000000000e+00
4.630000000000000000e+02 1.440000000000000000e+02
4.690000000000000000e+02 2.910000000000000000e+02
4.540000000000000000e+02 3.980000000000000000e+02
3.670000000000000000e+02 3.850000000000000000e+02
3.080000000000000000e+02 4.530000000000000000e+02
3.640000000000000000e+02 4.530000000000000000e+02
5.200000000000000000e+01 3.570000000000000000e+02
1.190000000000000000e+02 1.310000000000000000e+02
