2.260000000000000000e+02 7.800000000000000000e+01
5.340000000000000000e+02 9.200000000000000000e+01
8.850000000000000000e+02 3.190000000000000000e+02
8.880000000000000000e+02 5.700000000000000000e+02
8.730000000000000000e+02 7.480000000000000000e+02
7.120000000000000000e+02 7.240000000000000000e+02
6.100000000000000000e+02 8.340000000000000000e+02
7.100000000000000000e+02 8.440000000000000000e+02
1.840000000000000000e+02 6.800000000000000000e+02
2.940000000000000000e+02 3.070000000000000000e+02
